42988
41296
41656
42425
41935
41471
42468
41753
42984
41415
42987
41547
42047
41918
41697
42000
42073
41493
42097
42457
42860
42793
42251
41979
42489
41990
41531
41428
41757
41569
41776
42799
42962
42783
42643
42707
41605
42723
41956
42716
41315
41718
42008
41505
41932
41431
41930
41422
42932
42032
42612
42646
42469
41717
42165
41423
42599
41575
42086
42900
42153
42550
42280
42168
43021
41551
41741
42627
42918
42250
42323
42439
42865
42417
41655
41419
41328
42253
42976
43032
42311
42952
41940
41399
41715
42090
42248
42033
42867
41926
42208
41376
42868
41759
42089
41298
42781
42137
41437
42720
42269
41991
42717
41904
41910
41651
42639
42554
42433
42831
41421
42487
42934
42249
42207
42548
42969
42773
42628
41443
41925
42484
41390
41922
41963
41529
42807
42902
42470
42813
42331
42083
42736
42077
41406
42291
42180
42016
41488
42676
41478
42632
42912
42035
42619
42996
42019
42798
41336
42113
43029
41526
42009
42686
42660
41477
43018
42345
42310
41933
42970
41693
42601
42039
42078
42657
41338
42631
42049
42913
42410
42591
42861
43028
42937
42726
42082
41508
41997
41951
42618
41522
41494
41733
41295
42209
42268
42778
42298
41900
41597
41539
41960
42762
42576
42156
42790
41518
42603
42125
41769
43008
42162
42857
42549
41487
42007
42275
42223
42021
42213
41931
42700
42578
41669
41593
41556
43022
41974
41690
41375
42753
42246
42154
42297
41394
42187
41456
43009
42117
42648
41682
42557
41989
42672
42220
42076
41719
42606
41756
42666
42611
41356
42255
42981
42189
42904
42018
42907
42553
42115
41543
42061
42955
42348
42641
41504
42942
41347
42940
41545
41692
42227
42566
42800
41345
42894
42226
42760
41533
41975
41466
42749
42339
42205
42604
42650
41652
42130
41725
42580
42905
41511
43004
42825
42247
41306
42827
42856
42649
42092
42992
41570
42921
42443
42020
42317
42449
42419
42095
41713
41952
41696
42474
43006
41947
42663
41610
43002
42750
42229
41592
41901
41985
42602
42956
42697
41589
42624
43034
41745
42024
42084
42712
42335
42121
42732
41701
42426
41327
42941
41929
42150
41393
42966
41896
41453
42436
41954
41550
41707
41730
42659
41461
42325
42202
42772
42673
41948
42441
42243
41911
41579
41721
42466
42655
42766
41708
42142
42642
42569
41382
41432
41971
41360
42258
41744
41337
42563
41400
41434
41381
42734
42635
41410
42685
41489
41455
42476
41914
42218
41482
43030
41667
43063
42452
42983
41389
41903
42696
41981
42304
42948
42644
41967
41340
41386
41350
42262
42596
41349
42605
42922
42909
41746
42829
42757
41361
42328
41401
42784
41495
42203
42678
42789
41301
41686
41302
41320
42015
42140
42451
42266
41312
42621
41540
41660
42479
42071
42017
42936
42725
41388
42288
42447
41548
41568
42481
42870
41464
42014
42985
42357
41384
42344
42151
41585
41354
42333
42958
42012
43010
42944
42126
43033
42152
41892
41299
42586
41739
42824
42444
42282
42456
42194
42652
43025
41955
42587
42330
41743
42179
41496
41358
42062
42771
42637
42129
41973
42197
42711
41984
42231
42192
41661
41474
42994
41397
42114
42737
41364
42634
42065
42462
42294
42693
41672
42070
41486
41561
42806
41996
42574
42093
42279
42986
42056
41319
41391
42411
42706
42584
42820
42863
42738
42739
41442
42613
42677
41396
42408
41427
42951
43027
41475
43019
42013
42132
43017
42864
41404
42751
41681
42133
41383
42774
42615
42461
42943
41993
41609
42581
41457
42821
42629
42759
42412
41754
41510
42682
41527
42123
41429
42234
42214
41512
42979
41458
42989
42805
41542
42278
42610
42607
41555
42418
42224
43012
42974
41330
41373
42054
42427
42440
41465
42217
42031
42459
41398
42144
42136
42583
41606
42727
42475
41403
41774
41476
42911
41480
42968
42959
41332
41362
42025
41513
41408
42340
42424
42935
41714
42654
42240
41895
42239
42858
42190
42633
41534
43014
42585
42437
42703
42177
42671
42286
42260
42306
41762
41552
41711
42432
41959
41517
42079
42719
41541
42482
41702
41913
42046
42263
42929
41554
42091
41318
41915
42429
42037
42565
42206
42758
42916
42145
41941
42570
42096
41695
42081
42309
42791
41734
42305
42579
42036
42729
42667
41316
42215
42483
42074
42472
41927
42593
41355
41894
42318
42744
42809
41732
42893
42669
42715
41912
42200
42930
42705
42755
41469
42041
41899
42592
42692
42701
43015
41560
41365
42993
41352
41898
41969
41467
42289
41313
41571
42670
42120
42244
41329
42598
41939
41546
42920
42946
42787
42647
42430
41607
41405
41676
42699
42043
41558
42982
41470
42053
42658
42561
42225
43024
41949
41778
42714
41727
42683
41658
42256
42779
42473
42338
41946
41583
42811
42721
42005
41377
42694
42064
42679
42337
42057
42945
41331
41440
41573
42623
41736
41942
41670
41407
41722
42293
42568
42638
41304
42445
41363
42964
42006
42026
42080
42267
41303
42965
41972
41587
41723
42327
42823
42573
42302
41395
42896
42110
42058
42230
42626
42188
42866
41968
42478
42708
42146
42068
41604
42042
42319
41519
41463
42471
41369
42055
41582
42128
42691
43020
41916
42052
42991
42490
42195
41309
41535
42780
41576
42661
41755
41768
42276
41441
41311
41982
42143
42810
41502
42171
41372
42181
41367
42559
41731
42210
42233
42360
42087
42285
42160
41965
41468
41414
42752
42947
42450
42352
42724
41549
41559
42011
42950
42059
42702
42731
42063
42575
41293
42460
42040
42710
42238
41772
41771
42118
42455
42438
41907
41928
42914
42434
41444
42300
41445
42155
42803
41374
42571
42287
42313
42236
42908
42088
41417
42938
42314
41598
42027
42222
42178
42589
41953
42995
42869
41735
42973
42485
42312
42722
42978
42204
41674
42742
41710
41449
42971
42216
42183
42175
42407
42897
41479
42990
41472
42680
41572
42928
41413
42044
42212
41923
42284
42960
42765
41566
42359
41588
42899
42748
42446
42910
42767
41294
41430
41454
41590
42242
42023
41357
42051
42551
42718
41680
41351
43007
41773
42594
42862
42274
42127
41346
42069
41460
42564
42048
41584
41908
42687
42199
42124
42817
42919
42491
41342
41581
41988
42355
42558
41321
42782
41341
41970
42690
41704
42085
42608
42552
41333
41945
41297
41515
42830
42448
42193
41742
42588
41987
42241
41765
42556
41724
42159
42675
43016
42645
41758
41385
41435
42728
42925
42245
42688
42614
41344
42933
42257
41938
42768
41503
41425
42795
41738
41322
41760
41994
41536
42283
42463
41387
42166
42560
42595
41891
42221
41893
42361
42135
42342
42788
41492
42211
41919
42185
41663
42698
42926
42219
42277
42903
42743
42684
41752
42094
42651
42898
42353
41986
42769
42816
41957
41683
42582
41538
41720
41966
42653
41436
41378
41992
41909
41557
42343
41764
42747
41525
41729
42112
42201
42600
42590
41433
42161
42741
41767
42927
42442
42122
41897
43011
42480
42139
42630
42028
42668
42674
42871
41563
42131
42141
42196
41308
42259
42254
41528
41439
41763
42931
42764
42413
42045
42939
42980
41420
41411
41521
42794
42346
41748
41520
42745
42812
42924
41459
42709
41964
42111
41679
42326
41325
42022
41980
42975
42149
42754
41564
43026
41726
42636
43064
42609
41728
42186
42235
42777
42617
42895
42620
42665
42756
41654
41920
41936
41452
42272
42336
42038
42597
41380
42237
41412
41334
41446
42915
42191
41747
41906
41473
42415
42001
41737
41501
41324
41578
41950
41924
41416
42859
42228
42763
42356
41775
41366
42301
41688
41424
42625
42029
42173
42797
42695
41777
42917
42740
42322
42640
42119
41740
42872
41902
41418
41944
41514
41484
41958
41716
42704
41751
41653
41314
41462
42923
42555
41353
43031
42308
41706
42172
42034
42567
42290
42167
41750
42252
42622
41937
41392
42198
42901
42409
41368
41976
42060
41310
42572
42232
42963
42332
43023
42662
41678
41371
41530
41905
41507